10000000000000000000000000000000000000000000000000
00000000000000000000000000000000000000000000000000
00010000000000000000000000000000000000000000000000
00000100000000000000000000000000000000000000000000
00000010000000000000000000000000000000000000000000
00000000100000000000000000000000000000000000000000
00000000011000000000000000000000000000000000000000
00000000000100000000000000000000000000000000000000
00000000000011000000000000000000000000000000000000
00000000000000110000000000000000000000000000000000
00000000000000011000000000000000000000000000000000
00000000000000000110000000000000000000000000000000
00000000000000000011100000000000000000000000000000
00000000000000000000111000000000000000000000000000
00000000000000000000011100000000000000000000000000
00000000000000000000000111000000000000000000000000
00000000000000000000000011110000000000000000000000
00000000000000000000000001111000000000000000000000
00000000000000000000000000011110000000000000000000
00000000000000000000000000001111100000000000000000
00000000000000000000000000000011110000000000000000
00000000000000000000000000000001111100000000000000
00000000000000000000000000000000011111000000000000
00000000000000000000000000000000001111110000000000
00000000000000000000000000000000000011111000000000
00000000000000000000000000000000000001111110000000
00000000000000000000000000000000000000011111100000
00000000000000000000000000000000000000001111110000
00000000000000000000000000000000000000000011111100
00000000000000000000000000000000000000000001111111
00000000000000000000000000000000000000000000011111
00000000000000000000000000000000000000000000001111
00000000000000000000000000000000000000000000000111
00000000000000000000000000000000000000000000000001
00000000000000000000000000000000000000000000000000
00000000000000000000000000000000000000000000000000
00000000000000000000000000000000000000000000000000
00000000000000000000000000000000000000000000000000
00000000000000000000000000000000000000000000000000
00000000000000000000000000000000000000000000000000
00000000000000000000000000000000000000000000000000
00000000000000000000000000000000000000000000000000
00000000000000000000000000000000000000000000000000
00000000000000000000000000000000000000000000000000
00000000000000000000000000000000000000000000000000
00000000000000000000000000000000000000000000000000
00000000000000000000000000000000000000000000000000
00000000000000000000000000000000000000000000000000
00000000000000000000000000000000000000000000000000
00000000000000000000000000000000000000000000000000
